18    23400368   Bristol, CT
18    2288619025   Daerah Istimewa Kamu
18    3973754354   
18    3108689221   Bengaluru, Karnataka
18    3971208013   
18    37213533   US
18    3996947493   
18    3945743413   
18    3870033014   
18    3939560952   toure
18    3987808102   
18    3900521600   @nuey
18    3948853169   Crawley
18    3954644783   
18    1957844780   Tokyo, Japan
18    3899712633   
18    3937542226   
18    3937549937   Kaduna
18    3833195119   
18    3829077494   
18    3524784436   United States/50/MADE IN USA
18    3847249160   
18    103051012   Los Cabos, Mex
18    94615933   Ankara
18    3044540435   
18    3699395364   Maranchery, Kerala
18    3789989475   
18    3900741106   Manchester, England
18    2444111792   
18    3633192552   Karangnunggal - Tasikmalaya
18    2968084441   
18    3776002159   
18    3534843674   
18    3182418913   
18    2855824606   
18    3843475217   
18    3835453347   
18    3837740170   
18    3388776639   Rondebosch
18    3320060875   
18    3749288307   Italy
18    3286346989   
18    3814560555   
