98000,77021
98000,38516
98000,44990
98000,25546
98000,21978
98000,43264
98000,25933
98000,56579
98000,59736
98000,34076
98000,3523
77021,32772
77021,4629611
77021,926351
77021,98000
77021,779209
77021,89776
77021,25546
77021,910
77021,13458
77021,65108
77021,855796
77021,25933
77021,36131
77021,61205
77021,19832
77021,29889
77021,34971
77021,86244
77021,276428
77021,2434671
77021,59736
77021,182174
77021,18371
77021,306672
77021,2383050
77021,28273
77021,60853
77021,47698
77021,34076
77021,35042
77021,57704
38516,912298
38516,157088
38516,117840
38516,2817078
38516,181005
38516,35177
38516,2305697
38516,3291446
38516,465222
38516,5514
38516,95894
38516,29342
38516,25995
38516,272262
38516,3591972
38516,543799
38516,1571662
38516,625372
38516,625610
38516,656937
38516,1064494
38516,98000
38516,240374
38516,471456
38516,42533
38516,33252
38516,105015
38516,3104
38516,552720
38516,1573172
38516,806772
38516,214713
38516,232084
38516,20478
38516,1668579
38516,586268
38516,572530
38516,356498
38516,372641
38516,706244
38516,34720
38516,82939369
38516,2699459
38516,605989
38516,431427
38516,3632529
38516,1836805
38516,27992
38516,1011980
38516,7561272
38516,20976
38516,2701903
38516,584653
38516,923332
38516,850026
38516,87835
38516,51940
38516,46256
38516,75548
38516,1227659
38516,666823
38516,201284
38516,757130
38516,135953
38516,2371891
38516,248907
38516,1372489
38516,4486733
38516,48064
38516,86233
38516,279543
38516,228126
38516,1305545
38516,202118
38516,220882
38516,747485
38516,400845
38516,572497
38516,186386
38516,135677
38516,498422
38516,93267
38516,1376922
38516,33520
38516,29557
38516,2855890
38516,3666
38516,766136
38516,207533
38516,54951
38516,469812
38516,906152
38516,2022
38516,74452
38516,73094
38516,649981
38516,33678
38516,398400
38516,469719
44990,24693402
44990,114214
44990,3906170
44990,114362
44990,59744764
44990,2619505
44990,17309464
44990,195665
44990,8526191
44990,632676
44990,229851
44990,4871550
44990,206210
44990,173415
44990,7704362
44990,59707
44990,13888161
44990,21905
44990,224575
44990,2573
44990,22916
44990,147009
44990,12401
44990,159148
44990,12330
44990,8272185
44990,91702
44990,556598
44990,17539760
44990,158425
44990,972947
44990,6485
44990,182218
44990,5787
44990,46385
44990,934734
44990,25966942
44990,98000
44990,88568
44990,988517
44990,148071
44990,557246
44990,88787
44990,251242
44990,98264
44990,71699
44990,734594
44990,76492
44990,727377
44990,1227231
44990,74899277
44990,522278
44990,27251
44990,12816
44990,2974
44990,51395
44990,1939887
44990,4131800
44990,49657
44990,39345
44990,145528
44990,26509463
44990,740158
44990,117354
44990,14503
44990,7367137
44990,2000063
44990,224409
44990,404486
44990,7571399
44990,9188515
44990,555063
44990,1135
44990,1012699
44990,101284
44990,11761026
44990,59387
44990,2187703
44990,9911535
44990,67214
44990,53051687
44990,151915
44990,279069
44990,87727
44990,45106
44990,2616662
44990,7917723
44990,5518746
44990,6845308
44990,50058
44990,8512138
44990,255487
44990,978825
44990,80247
44990,49030315
44990,42637
44990,93339
44990,8845760
44990,93311
44990,26960
44990,120110
44990,39656479
44990,1857940
44990,4183
44990,63451077
44990,180953
44990,72675
44990,84341
44990,13347
44990,355952
44990,2253958
44990,38903
44990,120305
44990,88791770
44990,174712
44990,19096
44990,720684
44990,51146
44990,45202150
44990,1660110
44990,16023
44990,23779414
44990,11597346
44990,4121
44990,2448287
44990,296900
44990,1749656
44990,50178
44990,90610
44990,264427
44990,5105706
44990,14300792
44990,177005
44990,7131442
44990,427742
44990,9155
44990,146674
44990,58543
44990,170936
44990,24496379
44990,506489
44990,46278
44990,63614
44990,338606
44990,178795
44990,2566465
44990,3329045
44990,194620
44990,13117849
44990,8567786
44990,2207637
44990,1058891
44990,110761
44990,91036
44990,11890
44990,684167
44990,12404
44990,72709879
44990,87454
44990,6053
44990,5813837
44990,639154
44990,4674077
44990,2804928
44990,50570606
44990,2437950
44990,1082912
44990,1750258
44990,9842143
44990,136064
44990,4848
44990,14322
44990,444667
44990,390959
44990,330771
44990,587
44990,137930
44990,20754
44990,62130
44990,26347586
44990,23495
44990,1677626
44990,11569907
44990,982365
44990,272503
44990,4578147
44990,194245
44990,7719484
44990,1167966
44990,5805
44990,5027278
44990,107560
44990,15591515
44990,27558416
44990,2354061
44990,7609
44990,94631
44990,5280
44990,1422185
44990,9848723
44990,390077
44990,1594796
25546,720390
25546,206217
25546,27692
25546,87460
25546,114147
25546,999
25546,43025
25546,190344
25546,27700
25546,77021
25546,557978
25546,68394
25546,651293
25546,461006
25546,638487
25546,74401
25546,140909
25546,88402
25546,289766
25546,31677
25546,384440
25546,19358
25546,460066
25546,571209
25546,98000
25546,18090
25546,14933
25546,60012
25546,177174
25546,43653
25546,910
25546,748029
25546,47550
25546,426908
25546,189720
25546,37143
25546,490749
25546,21910
25546,234858
25546,2603
25546,532437
25546,96580
25546,360710
25546,20759
25546,3127
25546,116501
25546,231155
25546,19823
25546,15597
25546,15864
25546,99408
25546,88796
25546,406295
25546,275646
25546,32604
25546,617506
25546,16063
25546,24428
25546,42849
25546,25933
25546,264097
25546,319522
25546,35346
25546,11750
25546,19832
25546,194290
25546,5998
25546,19784
25546,78570
25546,37611
25546,948755
25546,77349
25546,33837
25546,26347
25546,38528
25546,138358
25546,62160
25546,649050
25546,156700
25546,516325
25546,44430
25546,160316
25546,459801
25546,79684
25546,3086
25546,38680
25546,52573
25546,1011684
25546,3240
25546,4964
25546,6341
25546,308051
25546,118277
25546,42061
25546,11146
25546,8445
25546,763802
25546,21842
25546,110761
25546,6441
25546,1017027
25546,28273
25546,76322
25546,21485
25546,37461
25546,48999
25546,110452
25546,54571
25546,24900
25546,47872
25546,260260
25546,643480
25546,79196
25546,27496
25546,12123
25546,754719
25546,37254
25546,79537
25546,97080
25546,286983
25546,12095
25546,97895
25546,82090
25546,377668
25546,10921
25546,33757
21978,11779
21978,144058
21978,475312
21978,22793
21978,98198
21978,190344
21978,2415146
21978,40912
21978,119990
21978,83516
21978,1929215
21978,65014
21978,633488
21978,3090
21978,202882
21978,187165
21978,3735052
21978,697822
21978,546846
21978,79707
21978,153615
21978,1411549
21978,98000
21978,1656786
21978,14456
21978,217957
21978,72732
21978,55025
21978,590660
21978,910
21978,93504
21978,33252
21978,37143
21978,29766
21978,21910
21978,562050
21978,562384
21978,15169
21978,938
21978,84112
21978,24745
21978,1582732
21978,1019753
21978,753757
21978,19823
21978,29565
21978,662618
21978,47655
21978,175252
21978,35636
21978,41956
21978,26088
21978,175608
21978,25933
21978,186728
21978,2032861
21978,1914
21978,2804880
21978,19832
21978,29889
21978,34971
21978,334585
21978,1350783
21978,38528
21978,722328
21978,211935
21978,102962
21978,89965
21978,160316
21978,337821
21978,87274
21978,546508
21978,32840
21978,5031
21978,49914
21978,72288
21978,26520
21978,325580
21978,59422
21978,80703
21978,131945
21978,1299139
21978,19839
21978,17364
21978,22584
21978,38685
21978,1183091
21978,306672
21978,1670756
21978,12976
21978,214613
21978,9395
21978,45446
21978,38880
21978,36281
21978,2867
21978,15008
21978,5572
21978,9093
21978,227941
21978,45981
21978,38415
21978,45671
21978,54958
21978,691523
21978,18358
21978,94841
21978,53105
21978,60461
21978,11471
21978,1329988
21978,41894
21978,3539430
21978,138870
21978,35662
21978,30523
21978,40371
43264,1459
43264,78774
43264,38897
43264,21980
43264,3477160
43264,6403986
43264,190344
43264,547780
43264,418
43264,2962165
43264,80555
43264,79346
43264,35604
43264,107027
43264,349
43264,55288
43264,72403
43264,38037
43264,52463
43264,40849864
43264,46787
43264,16493957
43264,79707
43264,98000
43264,61711
43264,14933
43264,17947748
43264,15882
43264,10490
43264,6539067
43264,14495
43264,59042271
43264,476
43264,387
43264,55126
43264,5922620
43264,37143
43264,21910
43264,234858
43264,7373
43264,32575
43264,5065
43264,38825
43264,562384
43264,96580
43264,3062
43264,107051
43264,86125959
43264,25396
43264,150529
43264,11705915
43264,32807
43264,2417
43264,565
43264,2438
43264,44780
43264,2462415
43264,28949
43264,42012
43264,35636
43264,62230208
43264,49503
43264,33612
43264,8137
43264,16063
43264,123053
43264,597
43264,75865
43264,334424
43264,914
43264,31276
43264,6349
43264,42
43264,54868
43264,15526
43264,16076
43264,50636
43264,2280
43264,28465
43264,101287
43264,36889
43264,233062
43264,46756
43264,478
43264,19773
43264,11437
43264,158275
43264,575
43264,20990
43264,26347
43264,42733
43264,156700
43264,3627923
43264,28703
43264,1095
43264,12329
43264,2103
43264,22725
43264,489
43264,3086
43264,183049
43264,2770
43264,5031
43264,2307
43264,110421
43264,49003
43264,7643000
43264,80891
43264,553193
43264,6732616
43264,5022019
43264,55469
43264,66599207
43264,80703
43264,39725
43264,16918
43264,1391
43264,63497
43264,33
43264,1280
43264,21842
43264,11321278
43264,156369
43264,618
43264,3975992
43264,18371
43264,125653
43264,466
43264,627
43264,57568
43264,15370
43264,6345
43264,90253
43264,367035
43264,42562
43264,18519
43264,534
43264,28321
43264,24301
43264,9490
43264,252714
43264,587
43264,2348
43264,20430
43264,79537
43264,53064565
43264,3044
43264,165090
43264,38415
43264,4584
43264,9363
43264,77753
43264,65148
43264,279
43264,1323
43264,6047
43264,12095
43264,713844
43264,73835
43264,29597231
43264,3721
43264,52426
43264,6264
43264,24455
43264,348761
43264,66889949
43264,415596
43264,11208
43264,31825
43264,80124
43264,53586
43264,29593
43264,30417
43264,35533
43264,72831
43264,37494
43264,36901
25933,206217
25933,20403
25933,1142681
25933,51752
25933,24092
25933,48034
25933,38412
25933,66264
25933,77021
25933,41739
25933,1543769
25933,37155
25933,929
25933,40852
25933,3966
25933,3146106
25933,289766
25933,21450
25933,49865
25933,15401
25933,384440
25933,29761
25933,94562
25933,9712
25933,79707
25933,49855
25933,2393
25933,98000
25933,55269
25933,10490
25933,15270
25933,25546
25933,753996
25933,6712640
25933,910
25933,13458
25933,57604
25933,1351251
25933,21910
25933,22331
25933,54941
25933,33149
25933,44771
25933,20478
25933,65108
25933,43280
25933,14503
25933,21789
25933,21978
25933,34655
25933,57749
25933,90178
25933,616406
25933,35636
25933,16063
25933,81900
25933,101284
25933,24428
25933,42849
25933,44179
25933,34013
25933,34786
25933,49197
25933,57619
25933,35346
25933,34998
25933,112367
25933,19832
25933,31272
25933,34125
25933,16017
25933,33102
25933,26586
25933,45200
25933,131437
25933,52492
25933,385698
25933,39310
25933,3086
25933,5906611
25933,61429
25933,19905
25933,80891
25933,105912
25933,13108
25933,59736
25933,80703
25933,49213
25933,130496
25933,96001
25933,74773
25933,19713
25933,3381132
25933,59282
25933,90330
25933,65512
25933,34426
25933,9372
25933,28806
25933,879105
25933,50114
25933,76322
25933,627
25933,9395
25933,65132
25933,26685
25933,47698
25933,34076
25933,123875
25933,223396
25933,46143
25933,15535
25933,55058
25933,28140
25933,2324
25933,37254
25933,724342
25933,2684
25933,9403
25933,145620
25933,12095
25933,35525
25933,177309
25933,3721
25933,160523
25933,39950
25933,177429
25933,101288
25933,38363
25933,57704
56579,22870
56579,4097641
56579,390137
56579,304354
56579,1069357
56579,58067
56579,1460269
56579,80916
56579,313138
56579,57415
56579,98000
56579,81997
56579,18694434
56579,63409
56579,55863
56579,22388670
56579,585484
56579,67986934
56579,5495923
56579,40620
56579,1511209
56579,31790
56579,63971220
56579,28402
56579,1971597
56579,5546768
56579,80997
56579,86293
56579,565853
56579,28890399
56579,46832630
56579,2552557
56579,74773
56579,57052
56579,61735
56579,2018981
56579,817113
56579,990637
56579,4786636
56579,350052
56579,59596
56579,598109
56579,2556
56579,58279
56579,57025
56579,13008825
56579,686629
56579,2644804
59736,77021
59736,923654
59736,60597
59736,604090
59736,1508589
59736,108002
59736,2775511
59736,461006
59736,93046
59736,717369
59736,543501
59736,289766
59736,15671
59736,384440
59736,151557
59736,98000
59736,119393
59736,210396
59736,14933
59736,77593
59736,1523578
59736,321522
59736,87011
59736,36450
59736,490749
59736,1712831
59736,431392
59736,286508
59736,111937
59736,25396
59736,91966
59736,114586
59736,510569
59736,695554
59736,413667
59736,408950
59736,33612
59736,490493
59736,3035748
59736,25933
59736,138513
59736,35346
59736,61205
59736,698644
59736,3850231
59736,1383196
59736,16035
59736,2870859
59736,4695350
59736,3485
59736,1737701
59736,20827
59736,340311
59736,134961
59736,362943
59736,1896380
59736,3086
59736,2218624
59736,5031
59736,134548
59736,10732
59736,40010
59736,211999
59736,3952181
59736,242461
59736,1647477
59736,35016
59736,617765
59736,75847
59736,72082
59736,55552
59736,42722
59736,1558
59736,82640
59736,306672
59736,2637665
59736,59569
59736,112740
59736,1202097
59736,627
59736,16061
59736,110452
59736,336563
59736,3523
59736,93003
59736,242585
59736,2641779
59736,3607018
59736,1028378
59736,175557
59736,9403
59736,92285
59736,364587
59736,249006
59736,1441058
59736,15371
59736,20469
59736,641859
59736,523009
59736,203548
59736,23139
34076,12628
34076,20511361
34076,216631
34076,190344
34076,418
34076,77021
34076,108002
34076,3137
34076,289766
34076,1631
34076,162713
34076,98000
34076,18621345
34076,18090
34076,40896
34076,2975
34076,910
34076,2047207
34076,278400
34076,22331
34076,2603
34076,44771
34076,67353
34076,23334383
34076,19823
34076,28408
34076,532221
34076,99408
34076,9329
34076,33612
34076,44686
34076,16063
34076,20909137
34076,2431232
34076,349727
34076,25933
34076,5843
34076,12418378
34076,1631077
34076,112367
34076,44379
34076,19784
34076,51219
34076,29889
34076,11489894
34076,16035
34076,37611
34076,39592
34076,41270
34076,54803
34076,26586
34076,156700
34076,20319
34076,30033
34076,165464
34076,1161431
34076,37437
34076,51269
34076,1148908
34076,72558
34076,8028947
34076,79914
34076,6649
34076,59282
34076,949075
34076,472755
34076,11936
34076,42588
34076,1733
34076,25972
34076,92343
34076,28806
34076,10586501
34076,306672
34076,76322
34076,6053
34076,1152294
34076,156248
34076,19016
34076,24900
34076,504085
34076,17191
34076,1655
34076,445922
34076,1646862
34076,82258
34076,2348
34076,37254
34076,37445
34076,1643
34076,2684
34076,41166
34076,12095
34076,37695
34076,20469
34076,3595867
34076,41078
34076,19427831
3523,17513
3523,6027
3523,45346427
3523,101261
3523,64323
3523,5751888
3523,21571
3523,93145
3523,221
3523,33407
3523,255127
3523,241498
3523,20078086
3523,2271503
3523,8724
3523,335667
3523,70490569
3523,84484
3523,23538
3523,346819
3523,32460
3523,20706898
3523,3078
3523,8930
3523,194317
3523,20939
3523,18928
3523,8452
3523,10355515
3523,618918
3523,124792
3523,29452
3523,10823
3523,1855
3523,4118462
3523,13176956
3523,1631944
3523,36123
3523,56238
3523,1788537
3523,160737
3523,82588656
3523,28365
3523,165648
3523,15096
3523,13503
3523,96559205
3523,5297189
3523,1246
3523,2370
3523,2962165
3523,340040
3523,24758576
3523,417410
3523,21153
3523,10137
3523,6721
3523,83769
3523,41027572
3523,836551
3523,262888
3523,734
3523,913316
3523,34347
3523,107027
3523,272262
3523,7031036
3523,108277
3523,20565
3523,29872806
3523,30345
3523,14547923
3523,52463
3523,169090
3523,275513
3523,490514
3523,40304
3523,5492
3523,1414288
3523,15359
3523,194763
3523,50631
3523,2216
3523,282134
3523,3952883
3523,59324
3523,571209
3523,522957
3523,822
3523,43992
3523,548221
3523,144911
3523,56073
3523,98000
3523,16508
3523,185139
3523,210396
3523,14933
3523,126042
3523,459608
3523,19853
3523,36414
3523,5051381
3523,440179
3523,28071
3523,84783447
3523,2666170
3523,3377
3523,12356915
3523,17255
3523,130723109
3523,1936720
3523,21233
3523,387
3523,50278
3523,27769828
3523,5066055
3523,33991
3523,11017241
3523,20148
3523,1171161
3523,9163528
3523,5410584
3523,33252
3523,53837
3523,11691
3523,682685
3523,37143
3523,32929
3523,89612
3523,47576
3523,2401908
3523,9870910
3523,328047
3523,11869
3523,91260
3523,88671923
3523,1606
3523,545645
3523,63182643
3523,54598
3523,66001395
3523,519783
3523,30560
3523,21910
3523,706585
3523,3104
3523,90641593
3523,76825119
3523,69307064
3523,33489
3523,20425637
3523,61945
3523,118308
3523,66075151
3523,13428901
3523,646
3523,54904
3523,316563
3523,1063
3523,65122
3523,2662
3523,1485
3523,28077
3523,19068
3523,173877
3523,85805232
3523,1700
3523,590996
3523,16474336
3523,74620173
3523,15636
3523,18089
3523,90017
3523,479700
3523,54748
3523,12122
3523,735546
3523,12825264
3523,19354
3523,32807
3523,50885
3523,33746
3523,1758243
3523,65020719
3523,36087
3523,25037
3523,755707
3523,1645444
3523,4016
3523,47913
3523,44780
3523,19556
3523,17934
3523,116746
3523,16598
3523,3755
3523,10762306
3523,24314597
3523,9791
3523,45501
3523,510569
3523,62124
3523,6473
3523,135337
3523,122742
3523,27603
3523,88165453
3523,150800
3523,107887
3523,6160978
3523,59914
3523,1486
3523,1877978
3523,660925
3523,20753
3523,41180443
3523,555306
3523,176342
3523,7308
3523,7573720
3523,19608710
3523,48476
3523,173107
3523,601376
3523,6349
3523,55559
3523,11777038
3523,79071
3523,139958
3523,49645
3523,13565
3523,301235
3523,76669
3523,42718
3523,27585
3523,6722
3523,18034
3523,2547232
3523,27146
3523,20065
3523,740
3523,75428712
3523,69573
3523,2779610
3523,40902243
3523,89737
3523,81352
3523,11746
3523,7129
3523,531992
3523,1810873
3523,35697
3523,35379
3523,13911
3523,4250874
3523,494
3523,19832
3523,1073988
3523,97127
3523,21754
3523,3407624
3523,1404
3523,697481
3523,2940567
3523,1352
3523,35786
3523,1114497
3523,4327573
3523,26975
3523,57765
3523,145549
3523,202665
3523,30843
3523,86020054
3523,478
3523,29889
3523,13276
3523,14677633
3523,25890896
3523,413457
3523,72742
3523,408362
3523,499703
3523,513092
3523,629465
3523,30775
3523,1662
3523,36675
3523,651225
3523,28350
3523,1371
3523,89834
3523,23807853
3523,3878460
3523,26347
3523,21290
3523,74462
3523,1689865
3523,13572325
3523,37494668
3523,589610
3523,43725740
3523,19178
3523,88356
3523,8252
3523,38134
3523,1318135
3523,15777255
3523,41178487
3523,7135063
3523,156700
3523,6350944
3523,3485
3523,5611
3523,5912
3523,9417
3523,1463288
3523,3514
3523,22130
3523,207527
3523,7564486
3523,3436872
3523,41426939
3523,134961
3523,1109133
3523,81298080
3523,17474
3523,5991
3523,2103
3523,6435
3523,152698
3523,86229330
3523,38502039
3523,842900
3523,12180
3523,175343
3523,8643588
3523,957892
3523,160596
3523,3741048
3523,3086
3523,2218624
3523,137065
3523,69632
3523,14127698
3523,12028
3523,30323
3523,8377
3523,14427
3523,13605619
3523,30572993
3523,5031
3523,10202104
3523,72620510
3523,14586
3523,783986
3523,4200
3523,6488
3523,62147201
3523,701814
3523,45892
3523,1910244
3523,218504
3523,548051
3523,12980344
3523,31305
3523,136059
3523,7643000
3523,690806
3523,19704
3523,833254
3523,244073
3523,14174428
3523,161715
3523,15875
3523,2106113
3523,32981
3523,194338
3523,684
3523,1274
3523,684059
3523,80891
3523,333648
3523,29584
3523,1075803
3523,209962
3523,69073013
3523,37422
3523,7381952
3523,99228
3523,1073240
3523,2364
3523,77163054
3523,1635380
3523,1953300
3523,59736
3523,90068
3523,26097158
3523,39970
3523,40242
3523,97925
3523,50642
3523,97974
3523,50870295
3523,12363
3523,17583
3523,4524
3523,41219
3523,136167
3523,87108522
3523,6908
3523,537038
3523,45171002
3523,25845825
3523,21141
3523,26288156
3523,16223924
3523,20101095
3523,19460
3523,142746
3523,15707326
3523,2111
3523,950019
3523,86610810
3523,57629
3523,186619
3523,2781618
3523,25224
3523,69168411
3523,15120499
3523,46474
3523,11255
3523,68416412
3523,2647
3523,85575648
3523,55552
3523,173138
3523,95233
3523,1006477
3523,8379
3523,97625
3523,363283
3523,3038781
3523,2722115
3523,11168508
3523,749293
3523,15721
3523,45433
3523,148914
3523,32813
3523,4100752
3523,203512
3523,2906
3523,45337337
3523,38837
3523,12834721
3523,9028245
3523,1594
3523,1641966
3523,44964
3523,144868
3523,8232
3523,3605636
3523,21444679
3523,43906513
3523,9441
3523,9574
3523,1690769
3523,3125
3523,3024900
3523,50367069
3523,3305167
3523,6053
3523,90398
3523,85736956
3523,32982958
3523,46841
3523,14785
3523,866316
3523,25974
3523,190152
3523,20047021
3523,16412314
3523,54004
3523,729
3523,270398
3523,532320
3523,433858
3523,740973
3523,15889193
3523,18057557
3523,1481
3523,36982225
3523,6345
3523,399991
3523,21986
3523,19464
3523,36741
3523,468
3523,14689
3523,21793995
3523,43484
3523,542210
3523,13393978
3523,28148
3523,847
3523,182410
3523,2641779
3523,33531
3523,6197
3523,19390
3523,7228
3523,32946
3523,34228415
3523,36586
3523,37971
3523,9064
3523,190614
3523,87697
3523,19877
3523,9936618
3523,12741
3523,54477
3523,29242826
3523,78829175
3523,1142393
3523,237
3523,65966
3523,295465
3523,113555
3523,3044
3523,86338294
3523,21539
3523,385989
3523,51283225
3523,45781755
3523,3011
3523,1274681
3523,45100662
3523,8264209
3523,422889
3523,3994700
3523,14464
3523,642
3523,38415
3523,37571735
3523,6048167
3523,53724581
3523,635287
3523,101555
3523,130279
3523,297173
3523,85866378
3523,2639253
3523,35256
3523,417
3523,4874430
3523,307532
3523,81127
3523,21288
3523,67136320
3523,20087
3523,48030
3523,1773
3523,3721
3523,22927
3523,60341
3523,12095202
3523,20972760
3523,83101928
3523,2318837
3523,7197
3523,14687
3523,866
3523,595
3523,2239970
3523,10896960
3523,17476
3523,451209
3523,17832
3523,51942016
3523,9810124
3523,19393
3523,6079613
3523,44172
3523,639266
3523,11418137
3523,71409995
3523,5372133
3523,400629
3523,294674
3523,96687
3523,21990
3523,28847
3523,267
3523,55351
3523,44286732
3523,9154
3523,29692212
3523,65541
32772,407524
32772,377913
32772,77021
32772,279246
32772,492299
32772,137753
32772,3435792
32772,37338
32772,238340
32772,9621989
32772,8751
32772,910
32772,31023245
32772,32861
32772,412538
32772,237228
32772,327268
32772,1401460
32772,10703239
32772,35992
32772,2540514
32772,15430422
32772,54671
32772,13280197
32772,5835955
32772,193764
32772,1206244
32772,33345
32772,507462
32772,208319
32772,198997
32772,10328377
32772,1388955
32772,531275
32772,53248
32772,9264
32772,324613
32772,11342250
32772,182389
32772,712094
32772,31454696
32772,74036282
32772,55812
32772,416900
32772,47698
32772,490848
32772,89594
32772,193438
32772,1738051
32772,2592
32772,2378560
32772,491102
32772,579165
32772,93279
32772,1503122
32772,1284968
32772,4811281
32772,83721
32772,2932378
32772,34805
32772,82615
32772,285678
32772,266643
32772,842008
4629611,281625
4629611,1422469
4629611,77021
926351,966859
926351,30419
926351,77021
926351,14454
926351,548279
926351,18090
926351,122376
926351,136188
926351,17652727
926351,387
926351,910
926351,7362323
926351,565
926351,9329
926351,219047
926351,4793114
926351,16063
926351,4231134
926351,1497527
926351,29889
926351,237394
926351,8845760
926351,20990
926351,95897
926351,162371
926351,134961
926351,61429
926351,17354
926351,6429
926351,118083
926351,615005
926351,144834
926351,998193
926351,3605636
926351,727205
926351,72538
926351,19776
926351,37254
926351,696855
926351,3044
926351,128071
926351,1503122
926351,84936
926351,902305
926351,11471
926351,10921
926351,129417
98000,77021
98000,38516
98000,44990
98000,25546
98000,21978
98000,43264
98000,25933
98000,56579
98000,59736
98000,34076
98000,3523
779209,1161446
779209,4773336
779209,990403
779209,3477160
779209,77021
779209,38746
779209,1952730
779209,134790
779209,183666
779209,381134
779209,753832
779209,9712
779209,361073
779209,783838
779209,7311
779209,170393
779209,18553
779209,426567
779209,239524
779209,4572095
779209,645144
779209,316563
779209,570240
779209,934822
779209,19823
779209,43280
779209,64170
779209,1141028
779209,617506
779209,46557
779209,570352
779209,155382
779209,403406
779209,420851
779209,1520070
779209,19784
779209,15594
779209,29889
779209,105479
779209,676285
779209,9694
779209,1297169
779209,55699
779209,42147
779209,1202152
779209,2186622
779209,18051994
779209,29023
779209,61429
779209,3410
779209,8316
779209,928123
779209,274919
779209,41277
779209,33981
779209,8118920
779209,490972
779209,9372
779209,1026666
779209,565749
779209,640722
779209,1003111
779209,311815
779209,2694
779209,54571
779209,65132
779209,200581
779209,13422343
779209,63853
779209,51603
779209,602317
779209,840558
779209,3853273
779209,37254
779209,821078
779209,272503
779209,20980
779209,5005143
779209,2676134
779209,30967
779209,60977
779209,1031724
779209,9194939
779209,11471
779209,51915
779209,469812
779209,89451922
779209,477678
779209,57704
779209,506644
779209,83737
779209,129417
89776,632938
89776,572651
89776,12614191
89776,475312
89776,1491
89776,2998
89776,40386
89776,137274
89776,114698
89776,16531802
89776,6091
89776,931772
89776,77021
89776,16144399
89776,288210
89776,45856
89776,39267
89776,237535
89776,397874
89776,179100
89776,551035
89776,832597
89776,349
89776,45428
89776,1694112
89776,9712
89776,38263881
89776,40304
89776,1851055
89776,45495
89776,8914
89776,23696466
89776,17658
89776,16828
89776,6896
89776,38524
89776,30073
89776,870778
89776,94968
89776,401947
89776,903796
89776,479936
89776,380205
89776,4744
89776,135388
89776,36279
89776,29538
89776,86038570
89776,49446
89776,710769
89776,784816
89776,59163
89776,967191
89776,280023
89776,28748
89776,1664214
89776,562050
89776,613589
89776,7711647
89776,1110056
89776,48673294
89776,44771
89776,233563
89776,85994486
89776,169353
89776,92734
89776,24047261
89776,37372
89776,231155
89776,1435653
89776,76760
89776,212482
89776,158306
89776,79995
89776,1134730
89776,667485
89776,3288
89776,42468
89776,359797
89776,112598
89776,623621
89776,14608
89776,57474
89776,475349
89776,41956
89776,7451
89776,221161
89776,445467
89776,257718
89776,29277
89776,7670260
89776,21529541
89776,19405
89776,81516
89776,14446
89776,36131
89776,84169
89776,94131
89776,4048700
89776,633432
89776,35719
89776,77267
89776,2579051
89776,24857155
89776,48078
89776,16674
89776,452208
89776,1176047
89776,83547
89776,384211
89776,1838208
89776,234368
89776,506376
89776,467
89776,676285
89776,380702
89776,33003
89776,435760
89776,329056
89776,193749
89776,1014961
89776,58453
89776,59283
89776,722328
89776,2637675
89776,136391
89776,17573
89776,695319
89776,172705
89776,435144
89776,26094
89776,3682724
89776,617645
89776,4856484
89776,509034
89776,105393
89776,899492
89776,420105
89776,342680
89776,1633963
89776,931399
89776,185461
89776,68224
89776,384394
89776,1894738
89776,1383925
89776,435784
89776,74460
89776,134294871
89776,434297
89776,190868
89776,1391
89776,3003
89776,4129413
89776,935202
89776,937
89776,1455798
89776,849392
89776,5304804
89776,30841
89776,57202
89776,880136
89776,3129
89776,233895
89776,292724
89776,9260523
89776,401950
89776,47424
89776,94735
89776,448860
89776,30292
89776,6021
89776,1017027
89776,27348
89776,9873520
89776,1924693
89776,71243
89776,2843169
89776,1740206
89776,37461
89776,627
89776,64250932
89776,99468
89776,232505
89776,17215
89776,360126
89776,485039
89776,15701021
89776,86556383
89776,50375208
89776,82275
89776,432149
89776,9626
89776,23419
89776,469090
89776,5704
89776,975696
89776,14330575
89776,390959
89776,360442
89776,195977
89776,83456
89776,1821838
89776,4564841
89776,534497
89776,466283
89776,31095
89776,296254
89776,781
89776,13392249
89776,204899
89776,388
89776,453589
89776,519154
89776,54779
89776,229429
89776,3030
89776,454669
89776,18829
89776,12211
89776,398753
89776,469812
89776,1173025
89776,77727
89776,492
89776,1648
89776,16673
89776,318377
89776,29593
89776,729213
89776,203548
89776,318866
89776,42771
89776,327220
89776,267
89776,98967
25546,720390
25546,206217
25546,27692
25546,87460
25546,114147
25546,999
25546,43025
25546,190344
25546,27700
25546,77021
25546,557978
25546,68394
25546,651293
25546,461006
25546,638487
25546,74401
25546,140909
25546,88402
25546,289766
25546,31677
25546,384440
25546,19358
25546,460066
25546,571209
25546,98000
25546,18090
25546,14933
25546,60012
25546,177174
25546,43653
25546,910
25546,748029
25546,47550
25546,426908
25546,189720
25546,37143
25546,490749
25546,21910
25546,234858
25546,2603
25546,532437
25546,96580
25546,360710
25546,20759
25546,3127
25546,116501
25546,231155
25546,19823
25546,15597
25546,15864
25546,99408
25546,88796
25546,406295
25546,275646
25546,32604
25546,617506
25546,16063
25546,24428
25546,42849
25546,25933
25546,264097
25546,319522
25546,35346
25546,11750
25546,19832
25546,194290
25546,5998
25546,19784
25546,78570
25546,37611
25546,948755
25546,77349
25546,33837
25546,26347
25546,38528
25546,138358
25546,62160
25546,649050
25546,156700
25546,516325
25546,44430
25546,160316
25546,459801
25546,79684
25546,3086
25546,38680
25546,52573
25546,1011684
25546,3240
25546,4964
25546,6341
25546,308051
25546,118277
25546,42061
25546,11146
25546,8445
25546,763802
25546,21842
25546,110761
25546,6441
25546,1017027
25546,28273
25546,76322
25546,21485
25546,37461
25546,48999
25546,110452
25546,54571
25546,24900
25546,47872
25546,260260
25546,643480
25546,79196
25546,27496
25546,12123
25546,754719
25546,37254
25546,79537
25546,97080
25546,286983
25546,12095
25546,97895
25546,82090
25546,377668
25546,10921
25546,33757
910,48846
910,1426075
910,98198
910,30419
910,179514
910,68203
910,6147074
910,984543
910,77021
910,13419918
910,697
910,32772
910,85622093
910,37567
910,30487
910,15844
910,88402
910,1300575
910,926351
910,5976
910,134096
910,5567286
910,18090
910,1691733
910,238340
910,177174
910,18345
910,25546
910,72732
910,43228
910,37143
910,21910
910,1010353
910,60998
910,2603
910,60614905
910,562050
910,44771
910,25396
910,938
910,13135
910,82132
910,19823
910,826
910,91966
910,21978
910,34655
910,99408
910,88796
910,94934
910,237228
910,45673
910,83546
910,16063
910,1603004
910,35992
910,27436
910,25933
910,36131
910,54671
910,9584
910,1914
910,41305238
910,28568
910,55184
910,19832
910,194290
910,19773
910,29889
910,37611
910,49319
910,162371
910,156700
910,34265
910,20319
910,151656
910,507990
910,3086
910,38680
910,29023
910,5031
910,10732
910,49914
910,6341
910,376248
910,6429
910,79767
910,53248
910,35016
910,2518256
910,182174
910,30481
910,14534
910,4502420
910,40535
910,9372
910,28806
910,18371
910,86534
910,70361
910,673914
910,76371
910,76322
910,10935158
910,31501646
910,15021
910,37086
910,28023
910,54571
910,47698
910,34291
910,34076
910,147018
910,81364
910,33063
910,534
910,76039370
910,73152
910,2112651
910,587
910,2348
910,37254
910,2592
910,20754
910,56122
910,37445
910,54894
910,39690
910,1721609
910,65148
910,691523
910,93279
910,33449
910,2659198
910,55603
910,549502
910,10898
910,542865
910,10921
910,140224
910,31035
910,15830
910,103685
910,14533
910,215451
910,192731
910,78673
910,41540
13458,3045
13458,77021
13458,9369
13458,6721
13458,83769
13458,430
13458,49865
13458,3104
13458,25037
13458,44416
13458,3755
13458,95150
13458,25933
13458,740
13458,11301
13458,49073
13458,12180
13458,2334403
13458,45892
13458,2295867
13458,4988199
13458,12926
13458,1481
13458,54062
13458,468
65108,1142681
65108,3045
65108,77021
65108,83769
65108,1715592
65108,384440
65108,78574
65108,1329045
65108,32929
65108,9469
65108,29348
65108,25933
65108,79071
65108,2121609
65108,694802
65108,53068
65108,6341
65108,2102028
65108,210953
65108,156180
65108,1953300
65108,119664
65108,58370
65108,3657
65108,468
65108,176759
65108,133007
65108,267440
65108,762289
65108,19393
855796,1030904
855796,6423139
855796,816483
855796,488487
855796,281625
855796,11545490
855796,11545299
855796,77021
25933,206217
25933,20403
25933,1142681
25933,51752
25933,24092
25933,48034
25933,38412
25933,66264
25933,77021
25933,41739
25933,1543769
25933,37155
25933,929
25933,40852
25933,3966
25933,3146106
25933,289766
25933,21450
25933,49865
25933,15401
25933,384440
25933,29761
25933,94562
25933,9712
25933,79707
25933,49855
25933,2393
25933,98000
25933,55269
25933,10490
25933,15270
25933,25546
25933,753996
25933,6712640
25933,910
25933,13458
25933,57604
25933,1351251
25933,21910
25933,22331
25933,54941
25933,33149
25933,44771
25933,20478
25933,65108
25933,43280
25933,14503
25933,21789
25933,21978
25933,34655
25933,57749
25933,90178
25933,616406
25933,35636
25933,16063
25933,81900
25933,101284
25933,24428
25933,42849
25933,44179
25933,34013
25933,34786
25933,49197
25933,57619
25933,35346
25933,34998
25933,112367
25933,19832
25933,31272
25933,34125
25933,16017
25933,33102
25933,26586
25933,45200
25933,131437
25933,52492
25933,385698
25933,39310
25933,3086
25933,5906611
25933,61429
25933,19905
25933,80891
25933,105912
25933,13108
25933,59736
25933,80703
25933,49213
25933,130496
25933,96001
25933,74773
25933,19713
25933,3381132
25933,59282
25933,90330
25933,65512
25933,34426
25933,9372
25933,28806
25933,879105
25933,50114
25933,76322
25933,627
25933,9395
25933,65132
25933,26685
25933,47698
25933,34076
25933,123875
25933,223396
25933,46143
25933,15535
25933,55058
25933,28140
25933,2324
25933,37254
25933,724342
25933,2684
25933,9403
25933,145620
25933,12095
25933,35525
25933,177309
25933,3721
25933,160523
25933,39950
25933,177429
25933,101288
25933,38363
25933,57704
36131,86617976
36131,34494
36131,3415
36131,26662
36131,97235
36131,30386534
36131,276
36131,685
36131,149105
36131,57417
36131,158390
36131,2854
36131,190902
36131,39332751
36131,3503396
36131,696
36131,16659
36131,999
36131,19967
36131,2235
36131,6760141
36131,190344
36131,629484
36131,9855816
36131,547780
36131,77021
36131,302024
36131,697
36131,37098
36131,52312589
36131,568
36131,67281780
36131,37669
36131,142835
36131,557978
36131,756872
36131,100317
36131,5515927
36131,9321
36131,10263733
36131,7740661
36131,55323803
36131,88555
36131,9246360
36131,99369
36131,2634547
36131,543799
36131,991650
36131,3149
36131,50175485
36131,174037
36131,473699
36131,196406
36131,185707
36131,52463
36131,69347
36131,38263881
36131,326464
36131,214
36131,93014
36131,138
36131,1160813
36131,20202
36131,247201
36131,73542073
36131,2997819
36131,7636128
36131,18752
36131,15697681
36131,571209
36131,37443
36131,32952
36131,17658
36131,5954361
36131,1097
36131,7886087
36131,224
36131,2373512
36131,14933
36131,385568
36131,3446284
36131,50044066
36131,13178
36131,212276
36131,40896
36131,56039
36131,89776
36131,213
36131,255129
36131,1000205
36131,813768
36131,173401
36131,387
36131,11234827
36131,10973406
36131,910
36131,2743
36131,391
36131,2964402
36131,6175923
36131,12622922
36131,10797529
36131,7712626
36131,5922620
36131,78339
36131,30000
36131,241821
36131,135388
36131,166595
36131,5304224
36131,12303
36131,247719
36131,12918
36131,1606
36131,21910
36131,323057
36131,531814
36131,4595
36131,7373
36131,32575
36131,13094
36131,233985
36131,30663430
36131,79295
36131,15771
36131,5590
36131,431392
36131,33759
36131,6479335
36131,2850730
36131,16518701
36131,25396
36131,942853
36131,116501
36131,231155
36131,11668
36131,64542
36131,15636
36131,1151063
36131,157454
36131,55367
36131,6790435
36131,64
36131,1974830
36131,204364
36131,331963
36131,1130323
36131,8712579
36131,5000
36131,64962508
36131,3196987
36131,9244
36131,68943
36131,149314
36131,3288
36131,15864
36131,9329
36131,88796
36131,1715607
36131,29425195
36131,8148
36131,5701481
36131,89527
36131,30833287
36131,3266771
36131,659912
36131,516
36131,623037
36131,124754
36131,1290574
36131,85015
36131,757
36131,597
36131,403406
36131,21959
36131,38507
36131,653578
36131,384317
36131,851372
36131,55033794
36131,327259
36131,1272732
36131,38096895
36131,45044
36131,2908
36131,16076
36131,965372
36131,20976
36131,20114
36131,9517884
36131,333292
36131,61852
36131,20065
36131,2508253
36131,1787702
36131,77267
36131,306
36131,43931803
36131,60710087
36131,28516
36131,1133
36131,1741573
36131,5065511
36131,27312
36131,325736
36131,3205247
36131,53
36131,1978145
36131,30843
36131,12734
36131,42637
36131,289472
36131,34125
36131,37611
36131,47370
36131,158275
36131,23278
36131,9944
36131,1159
36131,1007005
36131,42104
36131,50228
36131,74056
36131,26347
36131,13038
36131,645
36131,925174
36131,1826139
36131,361349
36131,59283
36131,7041
36131,84944
36131,79849
36131,34152
36131,699
36131,9713
36131,197228
36131,3627923
36131,5764
36131,20827
36131,136391
36131,2277
36131,85086
36131,8879306
36131,46108
36131,1326606
36131,14857
36131,3271835
36131,29538331
36131,6312504
36131,466183
36131,3139781
36131,4388208
36131,56370611
36131,1048075
36131,1644837
36131,3023340
36131,4964
36131,31259
36131,6341
36131,24813
36131,19116
36131,177882
36131,76000831
36131,36595
36131,57827
36131,10896398
36131,14016204
36131,101271
36131,23028646
36131,15342025
36131,4462259
36131,4012
36131,6955991
36131,8761601
36131,80703
36131,79914
36131,8407
36131,494882
36131,39139
36131,1807130
36131,63497
36131,11203
36131,33
36131,17657085
36131,19979623
36131,1216019
36131,2518256
36131,716263
36131,329647
36131,64965
36131,441188
36131,30481
36131,26477750
36131,21842
36131,755259
36131,26614543
36131,96388
36131,3129
36131,424313
36131,694
36131,28976
36131,571334
36131,29965
36131,2299627
36131,683725
36131,676755
36131,12476
36131,18371
36131,493768
36131,46
36131,29053
36131,43271
36131,38837
36131,110761
36131,921
36131,173678
36131,306672
36131,125653
36131,15187804
36131,2280594
36131,1017027
36131,28273
36131,131168
36131,21485
36131,37461
36131,6053
36131,627
36131,39902
36131,336001
36131,16061
36131,22960644
36131,87680
36131,1061637
36131,23702
36131,547410
36131,93267
36131,15438
36131,62302591
36131,46742
36131,1491411
36131,54571
36131,66278
36131,7891
36131,2472984
36131,148888
36131,98258
36131,91681
36131,21225
36131,11050
36131,61515
36131,24501968
36131,56011
36131,4042397
36131,64071
36131,15535
36131,3819852
36131,400672
36131,1732824
36131,843637
36131,17698
36131,572
36131,427199
36131,37537775
36131,309011
36131,6618180
36131,11042582
36131,1646862
36131,19825
36131,131078
36131,28140
36131,3601779
36131,3930234
36131,52581
36131,9231709
36131,25464918
36131,31141931
36131,102577
36131,79537
36131,37445
36131,3044
36131,91620
36131,15677
36131,2079
36131,4123
36131,820582
36131,279
36131,54779
36131,383544
36131,3030
36131,9548397
36131,845470
36131,35525
36131,491024
36131,253590
36131,57607
36131,42078998
36131,102089
36131,196189
36131,22927
36131,7019728
36131,157931
36131,243383
36131,138354
36131,4338
36131,30396133
36131,91059
36131,7527554
36131,88043
36131,61441
36131,4452
36131,561150
36131,31035
36131,8313
36131,595
36131,190829
36131,49231
36131,90802
36131,80124
36131,9228838
36131,6557722
36131,5726305
36131,104573
36131,185880
36131,9460
36131,7344069
36131,2670
36131,25972414
36131,5779
36131,2645
36131,88521
36131,2191
36131,18674806
36131,21098936
61205,77021
61205,217957
61205,37208
61205,19832
61205,184547
61205,367916
61205,618124
61205,8619802
61205,382787
61205,59736
61205,48809
61205,445016
61205,207963
61205,32813
61205,200976
61205,2411824
61205,97713
61205,511307
61205,408333
61205,142604
61205,114270
61205,209647
61205,212436
61205,244360
19832,20038
19832,77021
19832,119990
19832,4149304
19832,27441
19832,16215
19832,55678
19832,187165
19832,34856
19832,15015
19832,571209
19832,153615
19832,2393
19832,25546
19832,2502942
19832,910
19832,47576
19832,29766
19832,42512
19832,81218
19832,24745
19832,21978
19832,3162
19832,332459
19832,777
19832,25933
19832,20823
19832,115425
19832,1330270
19832,61205
19832,8150358
19832,3739
19832,94960
19832,29889
19832,37611
19832,89834
19832,38528
19832,84487
19832,50853
19832,19808
19832,22165
19832,151999
19832,32840
19832,61495
19832,1853101
19832,2853502
19832,2520663
19832,1197726
19832,33052
19832,319152
19832,12363
19832,30063
19832,223728
19832,1581396
19832,22597
19832,5548
19832,65512
19832,40844
19832,87116
19832,3992498
19832,627
19832,12976
19832,57568
19832,86074
19832,9395
19832,45446
19832,55645
19832,1481
19832,3523
19832,84257
19832,9093
19832,180916
19832,136135
19832,233962
19832,38415
19832,54958
19832,47092
19832,52338
19832,683385
19832,543439
19832,14508
19832,3539430
19832,20558
19832,6611
19832,20339
29889,282674
29889,4983533
29889,420243
29889,144058
29889,30419
29889,190344
29889,77021
29889,14454
29889,119990
29889,59707
29889,183666
29889,135531
29889,35604
29889,107027
29889,34986
29889,1956988
29889,1112162
29889,697822
29889,52463
29889,83028
29889,13097932
29889,56435
29889,783838
29889,1057667
29889,4279311
29889,926351
29889,32952
29889,18090
29889,122376
29889,779209
29889,177174
29889,72732
29889,11738339
29889,518780
29889,910
29889,50278
29889,20148
29889,37143
29889,45950
29889,39312
29889,21910
29889,15845
29889,22331
29889,562050
29889,562384
29889,1251906
29889,96580
29889,34003
29889,942853
29889,25396
29889,277769
29889,24745
29889,69070
29889,32807
29889,43280
29889,21789
29889,2438
29889,21978
29889,4016
29889,87452
29889,199299
29889,3755
29889,175252
29889,2788872
29889,836805
29889,1105060
29889,617506
29889,1279534
29889,8137
29889,16063
29889,329286
29889,985780
29889,172322
29889,42838
29889,540993
29889,9660703
29889,7654274
29889,54671
29889,378
29889,717611
29889,2032861
29889,34702
29889,20065
29889,35346
29889,902943
29889,28465
29889,54256
29889,2804880
29889,19832
29889,101611
29889,194290
29889,5998
29889,21754
29889,44960
29889,225632
29889,282189
29889,11653
29889,162676
29889,42085
29889,39592
29889,38528
29889,54803
29889,17136
29889,19178
29889,1953
29889,3485
29889,23367
29889,134961
29889,2287612
29889,2253958
29889,7749246
29889,30033
29889,13446
29889,430875
29889,22165
29889,1279372
29889,190244
29889,3086
29889,45322
29889,32840
29889,9479169
29889,5031
29889,6341
29889,717467
29889,156180
29889,205525
29889,280091
29889,1052549
29889,212113
29889,13108
29889,8445
29889,420944
29889,7572312
29889,12460424
29889,33057
29889,25224
29889,21842
29889,65512
29889,9372
29889,43964
29889,34269
29889,1006477
29889,38685
29889,1558
29889,306672
29889,36283
29889,33654
29889,45203
29889,1301744
29889,37461
29889,214613
29889,9395
29889,574209
29889,239753
29889,8459886
29889,12503267
29889,38880
29889,20006
29889,34076
29889,6345
29889,3523
29889,51603
29889,586501
29889,5572
29889,9947760
29889,356361
29889,19825
29889,587
29889,10665
29889,1256988
29889,2324
29889,174674
29889,37254
29889,9093
29889,75840
29889,3164953
29889,388
29889,32745
29889,65148
29889,12095
29889,53105
29889,73835
29889,13102413
29889,549502
29889,39611
29889,621675
29889,20087
29889,714904
29889,3539430
29889,87230
29889,20558
29889,49231
29889,1182615
29889,19393
29889,572719
29889,192731
29889,37494
29889,53641
29889,20339
29889,177751
34971,77021
34971,58877
34971,37366
34971,30175
34971,5907
34971,42488
34971,21910
34971,14476
34971,30857
34971,21978
34971,20463
34971,17946
34971,778
34971,540585
34971,59914
34971,17999
34971,178470
34971,19808
34971,20827
34971,3130
34971,4078
34971,22026
34971,1290091
34971,48345
34971,116499
34971,17975
34971,60368
34971,18246
34971,73316
34971,18612
34971,19390
34971,30159
34971,8924
34971,14247
34971,139
34971,41491
34971,94332
34971,26118
34971,1124
34971,11471
34971,34717
34971,29593
34971,17832
34971,42771
34971,267
86244,828913
86244,2335267
86244,1293945
86244,77021
86244,2759620
86244,577074
86244,11502150
86244,2501682
86244,21673529
86244,4234024
86244,55025
86244,4582
86244,1421352
86244,43280
86244,5291841
86244,388454
86244,722798
86244,6064323
86244,2317224
86244,20990
86244,9162412
86244,925174
86244,138358
86244,86257
86244,753476
86244,7626677
86244,2313556
86244,10768478
86244,591038
86244,314608
86244,66957557
86244,440071
86244,7837460
86244,3797842
86244,8036729
86244,900066
86244,15019361
86244,680654
86244,12398746
86244,17152756
86244,76815842
86244,67148735
86244,76366821
86244,60053
86244,9159410
86244,330402
86244,377540
86244,26411199
86244,1984645
276428,23553992
276428,77021
276428,119086
276428,53731044
276428,3090
276428,34986
276428,57194
276428,7158
276428,76106
276428,19892
276428,38748
276428,42488
276428,21910
276428,34003
276428,27448
276428,43280
276428,1813137
276428,617506
276428,55033794
276428,16076
276428,112367
276428,37611
276428,703421
276428,64936
276428,5200510
276428,649050
276428,7749246
276428,22774
276428,49914
276428,35016
276428,483201
276428,2694
276428,19776
276428,175425
276428,37254
276428,42709074
276428,46522
276428,599992
276428,33794814
276428,1004836
276428,61441
276428,2318837
276428,259
276428,49231
276428,19958
2434671,77021
2434671,122376
2434671,5393595
2434671,81218
2434671,1520070
2434671,2446363
2434671,1596149
59736,77021
59736,923654
59736,60597
59736,604090
59736,1508589
59736,108002
59736,2775511
59736,461006
59736,93046
59736,717369
59736,543501
59736,289766
59736,15671
59736,384440
59736,151557
59736,98000
59736,119393
59736,210396
59736,14933
59736,77593
59736,1523578
59736,321522
59736,87011
59736,36450
59736,490749
59736,1712831
59736,431392
59736,286508
59736,111937
59736,25396
59736,91966
59736,114586
59736,510569
59736,695554
59736,413667
59736,408950
59736,33612
59736,490493
59736,3035748
59736,25933
59736,138513
59736,35346
59736,61205
59736,698644
59736,3850231
59736,1383196
59736,16035
59736,2870859
59736,4695350
59736,3485
59736,1737701
59736,20827
59736,340311
59736,134961
59736,362943
59736,1896380
59736,3086
59736,2218624
59736,5031
59736,134548
59736,10732
59736,40010
59736,211999
59736,3952181
59736,242461
59736,1647477
59736,35016
59736,617765
59736,75847
59736,72082
59736,55552
59736,42722
59736,1558
59736,82640
59736,306672
59736,2637665
59736,59569
59736,112740
59736,1202097
59736,627
59736,16061
59736,110452
59736,336563
59736,3523
59736,93003
59736,242585
59736,2641779
59736,3607018
59736,1028378
59736,175557
59736,9403
59736,92285
59736,364587
59736,249006
59736,1441058
59736,15371
59736,20469
59736,641859
59736,523009
59736,203548
59736,23139
182174,674710
182174,858730
182174,102326
182174,61789760
182174,132663
182174,204542
182174,264938
182174,76746210
182174,925849
182174,370811
182174,14821
182174,196589
182174,77021
182174,23828382
182174,72477
182174,212629
182174,378387
182174,1005049
182174,4534071
182174,475795
182174,5656004
182174,1657848
182174,924268
182174,571614
182174,225815
182174,67369
182174,49976
182174,10256680
182174,31912
182174,492993
182174,784822
182174,8461941
182174,135943
182174,183328
182174,1639504
182174,173401
182174,11234827
182174,112525
182174,910
182174,3279
182174,268315
182174,621149
182174,390378
182174,401778
182174,1026371
182174,10483100
182174,62
182174,52673
182174,18607150
182174,149765
182174,3605846
182174,187958
182174,717336
182174,3237449
182174,32450
182174,3814488
182174,43280
182174,170556
182174,6392324
182174,14025
182174,1976407
182174,40179
182174,660617
182174,780009
182174,346259
182174,31216
182174,37560
182174,1071237
182174,7012130
182174,131330
182174,42025926
182174,42849
182174,1089520
182174,330687
182174,432351
182174,215322
182174,932508
182174,6733
182174,1192
182174,584815
182174,39496
182174,20343060
182174,32561986
182174,37587336
182174,20838
182174,43444071
182174,5951634
182174,101287
182174,439047
182174,175287
182174,37611
182174,300088
182174,2978
182174,528262
182174,2369485
182174,6619464
182174,1007005
182174,58479
182174,212910
182174,3697326
182174,7155903
182174,2585099
182174,20683793
182174,692284
182174,1380
182174,478976
182174,328000
182174,3023521
182174,17086
182174,199989
182174,156700
182174,173553
182174,221285
182174,1141434
182174,247888
182174,1317213
182174,115328
182174,2565
182174,20728
182174,999634
182174,215725
182174,487873
182174,67682
182174,784775
182174,32346859
182174,1486884
182174,1580126
182174,139344
182174,11976776
182174,2812054
182174,673814
182174,20507283
182174,4012
182174,17605
182174,246834
182174,550607
182174,362593
182174,9917817
182174,42061
182174,102189
182174,18717356
182174,30481
182174,130642
182174,40165511
182174,2248675
182174,424313
182174,14291951
182174,12292245
182174,63386000
182174,441504
182174,770132
182174,283625
182174,14391
182174,470203
182174,301290
182174,3699
182174,2383050
182174,4989961
182174,601088
182174,12721658
182174,4171132
182174,1373234
182174,1322335
182174,621860
182174,1595544
182174,46277369
182174,87680
182174,6802
182174,142562
182174,93267
182174,574209
182174,189675
182174,197175
182174,544751
182174,102728
182174,642625
182174,1596921
182174,407066
182174,95039
182174,51258
182174,577259
182174,364364
182174,120541
182174,2315614
182174,2814509
182174,45086
182174,8418801
182174,28340935
182174,841403
182174,7708472
182174,215015
182174,10792995
182174,3030
182174,425336
182174,350377
182174,549502
182174,5849
182174,133509
182174,2451828
182174,930774
182174,13210
182174,11471
182174,91059
182174,39950
182174,3821051
182174,70158075
182174,384785
182174,47473
182174,221572
182174,1110665
182174,103685
182174,636660
182174,35747
182174,2630634
182174,8156
182174,19427831
182174,82364
182174,212900
182174,2191
18371,708
18371,284
18371,16297
18371,58822
18371,78549617
18371,168260
18371,3251
18371,35527
18371,210079
18371,42124
18371,2477
18371,38472
18371,11587866
18371,155130
18371,78636579
18371,30419
18371,12986421
18371,1750141
18371,696
18371,22066
18371,999
18371,990403
18371,34634
18371,38897
18371,40493
18371,18974
18371,56529
18371,629484
18371,150104
18371,1023609
18371,1619698
18371,854
18371,984543
18371,1973
18371,77021
18371,112106
18371,7587180
18371,29733
18371,13419918
18371,215
18371,7477378
18371,37098
18371,2768281
18371,57362
18371,101899
18371,557978
18371,20384
18371,22190
18371,27374
18371,75410235
18371,19796
18371,5515927
18371,91541
18371,1672
18371,61524
18371,183666
18371,268228
18371,526185
18371,40852
18371,40091
18371,136
18371,99369
18371,88402
18371,21450
18371,542993
18371,3129567
18371,25957702
18371,35933
18371,2618
18371,44151
18371,52630
18371,27771
18371,7570962
18371,79420384
18371,7597472
18371,83744
18371,133403
18371,52463
18371,69347
18371,664216
18371,38263881
18371,61708
18371,86832
18371,214
18371,2302
18371,11707764
18371,1057667
18371,149133
18371,3826
18371,93696
18371,95855
18371,647113
18371,198895
18371,2556230
18371,56388053
18371,94517
18371,14856883
18371,25867
18371,276606
18371,103462164
18371,31167
18371,630880
18371,40869
18371,42712923
18371,317821
18371,7588861
18371,18090
18371,39428
18371,52845713
18371,518113
18371,1796977
18371,385568
18371,34079
18371,1434
18371,28167061
18371,54230884
18371,82120
18371,83176
18371,2578157
18371,213
18371,370745
18371,4269985
18371,56401
18371,25609789
18371,31732
18371,14865
18371,3218
18371,30816487
18371,126002
18371,55031
18371,910
18371,391
18371,46122
18371,9045
18371,50278
18371,220765
18371,2734236
18371,2666
18371,1495436
18371,37143
18371,794
18371,11144681
18371,47576
18371,125880930
18371,42490345
18371,43896710
18371,52551242
18371,2938243
18371,43054324
18371,14015169
18371,152723
18371,30560
18371,21910
18371,4595
18371,7373
18371,28748
18371,134042
18371,57908
18371,62
18371,91136
18371,24692076
18371,1198
18371,30802472
18371,27018739
18371,12454
18371,4747
18371,32378
18371,209
18371,10641
18371,92734
18371,697943
18371,942853
18371,25396
18371,116501
18371,231155
18371,57755029
18371,6790435
18371,64
18371,381687
18371,78087
18371,19823
18371,6851
18371,29623133
18371,18579
18371,77209
18371,10106
18371,20235
18371,29886
18371,17552
18371,1758243
18371,24841
18371,5242718
18371,22376
18371,2227980
18371,15864
18371,21333
18371,32608460
18371,50398
18371,86695
18371,99408
18371,31843
18371,33947
18371,20150
18371,60714
18371,72069
18371,1687181
18371,56297
18371,526211
18371,81407
18371,31080
18371,5826
18371,10762306
18371,175252
18371,43264
18371,4866222
18371,93898
18371,510569
18371,10476
18371,7564211
18371,35636
18371,12693
18371,49503
18371,45673
18371,516
18371,19950
18371,20205
18371,8137
18371,16063
18371,22077
18371,13749
18371,155382
18371,1290574
18371,19348529
18371,16375
18371,1218468
18371,3238
18371,24428
18371,101234
18371,19094
18371,79360349
18371,122155
18371,31276
18371,38330
18371,129905
18371,2581
18371,6397647
18371,777
18371,195438
18371,27436
18371,10096360
18371,216
18371,36131
18371,1272732
18371,73259
18371,103937
18371,158178
18371,6462
18371,42508
18371,654
18371,54505
18371,49197
18371,20976
18371,431419
18371,17232
18371,12418378
18371,2706
18371,56853
18371,10912378
18371,3239
18371,35346
18371,3475915
18371,22646
18371,2776739
18371,2259
18371,48078
18371,101287
18371,962
18371,76101239
18371,27312
18371,19784
18371,38583
18371,26001
18371,30843
18371,478
18371,19773
18371,4238608
18371,2268711
18371,197788
18371,87920
18371,145021
18371,46275
18371,538966
18371,36179
18371,197637
18371,207579
18371,23854
18371,86139750
18371,169556
18371,21774
18371,56224
18371,89834
18371,3878460
18371,64532
18371,26347
18371,4803
18371,13038
18371,16662
18371,1241
18371,138358
18371,32
18371,1683575
18371,17136
18371,7041
18371,1380
18371,37588
18371,77424
18371,79849
18371,19896
18371,15454571
18371,19089
18371,156700
18371,9713
18371,75433
18371,94186
18371,30611522
18371,515959
18371,20827
18371,1329538
18371,58744149
18371,17474
18371,38793
18371,40016
18371,46108
18371,3099
18371,111925
18371,1022612
18371,56621
18371,2395732
18371,14857
18371,53447493
18371,87274
18371,20320
18371,89062
18371,3086
18371,57155
18371,29750
18371,1374933
18371,58033
18371,477320
18371,833196
18371,1664785
18371,18055
18371,124947007
18371,1436
18371,8548349
18371,4078
18371,4388208
18371,41880
18371,5031
18371,87917
18371,19838
18371,8949
18371,138729
18371,19907
18371,10732
18371,4964
18371,28130
18371,40142
18371,623824
18371,6341
18371,32367
18371,472898
18371,14174428
18371,57200
18371,60835
18371,6429
18371,27674
18371,369
18371,14365
18371,451667
18371,80891
18371,7675
18371,50600
18371,409478
18371,1693533
18371,1924870
18371,18720
18371,656675
18371,10667934
18371,8028947
18371,56400
18371,15454
18371,6749
18371,4012
18371,67692
18371,56239
18371,8761601
18371,39725
18371,2139220
18371,45723
18371,74590
18371,21914
18371,1466156
18371,11203
18371,33
18371,53706
18371,9549116
18371,21141
18371,103051
18371,329647
18371,4988199
18371,23075828
18371,5394299
18371,70500
18371,2583568
18371,430619
18371,15154
18371,59282
18371,30481
18371,11726567
18371,27315
18371,14874112
18371,21842
18371,205860
18371,14534
18371,1129
18371,21663
18371,572730
18371,3129
18371,1786355
18371,84083
18371,800
18371,29965
18371,12320
18371,563544
18371,706
18371,683725
18371,10686
18371,56879
18371,328038
18371,42505572
18371,53098413
18371,46
18371,61926
18371,4538930
18371,2552901
18371,93251344
18371,921
18371,21901
18371,61434
18371,27029
18371,19990
18371,64601
18371,551489
18371,162506
18371,15187804
18371,960985
18371,64838
18371,255120
18371,37461
18371,6053
18371,627
18371,434172
18371,1796890
18371,14912211
18371,484443
18371,93267
18371,159907
18371,905440
18371,75555851
18371,3988860
18371,135345
18371,17975
18371,65132
18371,54283
18371,38880
18371,1024875
18371,40301
18371,504085
18371,20266
18371,57745
18371,16507
18371,161586
18371,20729
18371,318610
18371,18246
18371,412228
18371,20018
18371,96725
18371,31472
18371,20839
18371,21146
18371,2242606
18371,40683
18371,572
18371,445922
18371,519629
18371,953970
18371,29785
18371,2556
18371,19825
18371,19785
18371,28140
18371,181727
18371,587
18371,1256988
18371,246953
18371,445
18371,37254
18371,147643
18371,42582
18371,751
18371,20894
18371,3044
18371,37
18371,207799
18371,52928
18371,17260177
18371,82045
18371,121985086
18371,27191
18371,6354
18371,22259
18371,39690
18371,20980
18371,51890
18371,8897469
18371,31534
18371,286983
18371,2946
18371,14692
18371,956
18371,54779
18371,279
18371,35212
18371,3030
18371,27313
18371,60977
18371,15417454
18371,38068
18371,1032
18371,4635769
18371,73835
18371,416328
18371,549502
18371,39611
18371,29635852
18371,209848
18371,531888
18371,1058881
18371,56892
18371,3721
18371,46880
18371,2067171
18371,4338
18371,610337
18371,11558
18371,43946
18371,31173
18371,9410803
18371,171667
18371,1291
18371,104107
18371,13539
18371,3387
18371,25835
18371,85062
18371,8313
18371,20786
18371,128422
18371,80124
18371,120625
18371,35533
18371,17832
18371,911
18371,88834
18371,56645
18371,25610
18371,78673
18371,60726
18371,2645
18371,267
18371,137608
18371,21098936
306672,305894
306672,5485268
306672,344280
306672,197795
306672,74582
306672,3733561
306672,696
306672,216631
306672,34634
306672,3403442
306672,751901
306672,7636279
306672,77021
306672,48880615
306672,48387
306672,163065
306672,1929215
306672,4555996
306672,311506
306672,9088835
306672,1952730
306672,4048277
306672,39100561
306672,2303984
306672,183666
306672,55608414
306672,32163
306672,384440
306672,38263881
306672,50631
306672,33929095
306672,571209
306672,46385
306672,606306
306672,37443
306672,10335887
306672,32952
306672,17658
306672,5954361
306672,96618
306672,90695
306672,507032
306672,1691733
306672,161847
306672,56039
306672,389890
306672,1929962
306672,164837
306672,11234827
306672,49681
306672,20148
306672,7712626
306672,42825
306672,295483
306672,23590652
306672,24679
306672,142529
306672,565972
306672,12217037
306672,23594160
306672,568729
306672,21910
306672,44771
306672,9970400
306672,29505872
306672,28688860
306672,431392
306672,230085
306672,16518701
306672,307579
306672,231155
306672,5427112
306672,31377904
306672,157454
306672,6790435
306672,7596458
306672,713623
306672,21978
306672,9329
306672,20150
306672,82062
306672,29425195
306672,705480
306672,28047
306672,793402
306672,47608
306672,83443372
306672,7564211
306672,427299
306672,26165616
306672,1676006
306672,101284
306672,1166622
306672,2431232
306672,40681557
306672,653578
306672,562607
306672,3950364
306672,18189966
306672,352822
306672,36131
306672,186728
306672,45044
306672,3246900
306672,46326119
306672,20276615
306672,2032861
306672,16969126
306672,61852
306672,23601295
306672,77267
306672,1628995
306672,124215
306672,21004
306672,448330
306672,5998
306672,2348710
306672,478
306672,15592878
306672,29889
306672,38108599
306672,1352285
306672,37611
306672,158275
306672,464948
306672,23278
306672,4515125
306672,183020
306672,661182
306672,1852885
306672,1826139
306672,206113
306672,16562636
306672,1330321
306672,39484
306672,5764
306672,448131
306672,6805697
306672,20319
306672,151656
306672,5391858
306672,18863524
306672,160316
306672,1243548
306672,14857
306672,1253890
306672,177394
306672,11696051
306672,27715337
306672,8548349
306672,5031
306672,830061
306672,2448287
306672,40010
306672,126464
306672,83966
306672,518952
306672,815514
306672,59736
306672,8761601
306672,9116316
306672,79914
306672,151249
306672,1807130
306672,27420
306672,49902
306672,69160
306672,1823820
306672,34640
306672,49406
306672,1733
306672,47515735
306672,9372
306672,43964
306672,52583
306672,683725
306672,3664490
306672,252065
306672,1688844
306672,23206372
306672,2102535
306672,52736594
306672,6053
306672,1342512
306672,16061
306672,4024068
306672,1304536
306672,317889
306672,508315
306672,309450
306672,60853
306672,12234649
306672,2810891
306672,24740357
306672,84441
306672,36259
306672,201465
306672,34076
306672,612974
306672,1606610
306672,13422343
306672,59549
306672,1732824
306672,1403814
306672,427199
306672,28321
306672,2948
306672,1691411
306672,87697
306672,1646862
306672,248943
306672,38609447
306672,404954
306672,1840371
306672,229948
306672,99072
306672,47939
306672,2116673
306672,24217219
306672,2479084
306672,376999
306672,860060
306672,24242077
306672,742594
306672,31534
306672,52987
306672,820582
306672,13873
306672,42278
306672,653307
306672,11317150
306672,1604923
306672,33150
306672,31300
306672,98316
306672,159367
306672,37523
306672,86518
306672,537800
306672,639529
306672,11208
306672,80124
306672,5355147
306672,35042
306672,1095511
306672,12893314
306672,206724
306672,881558
306672,408965
306672,78673
306672,854875
2383050,5185173
2383050,77021
2383050,9525
2383050,100317
2383050,10498
2383050,7405975
2383050,568646
2383050,46385
2383050,212276
2383050,255129
2383050,44771
2383050,512768
2383050,9046895
2383050,11868182
2383050,50348098
2383050,386902
2383050,215322
2383050,7491
2383050,1652718
2383050,442997
2383050,676285
2383050,5969728
2383050,1031670
2383050,2032093
2383050,2448287
2383050,88608
2383050,182174
2383050,30815
2383050,110761
2383050,4564528
2383050,355428
2383050,363052
2383050,21999
2383050,11808356
2383050,222329
2383050,268451
2383050,11471
2383050,887767
2383050,529577
2383050,4367079
28273,759120
28273,80087
28273,382661
28273,18391
28273,19835
28273,4581603
28273,70148
28273,2299508
28273,77021
28273,40881
28273,557978
28273,838374
28273,1233145
28273,85622093
28273,11692
28273,196302
28273,358503
28273,879
28273,5369854
28273,53808
28273,556417
28273,20202
28273,94889
28273,41326
28273,439777
28273,2373416
28273,10400006
28273,305
28273,208120
28273,138159
28273,25546
28273,170996
28273,341923
28273,2964402
28273,79209
28273,1474638
28273,29917
28273,247719
28273,70977
28273,152033
28273,752480
28273,168215
28273,2603
28273,437468
28273,793
28273,883765
28273,1469402
28273,22465
28273,1468827
28273,399184
28273,11703692
28273,2715259
28273,93898
28273,30270
28273,6484
28273,93219
28273,659912
28273,8388305
28273,833846
28273,55033794
28273,36131
28273,191934
28273,88138
28273,16076
28273,13592955
28273,103733
28273,2160840
28273,14158258
28273,5307261
28273,61683980
28273,119411
28273,2738404
28273,19784
28273,24392947
28273,300681
28273,1840137
28273,15166984
28273,125077
28273,105479
28273,22276328
28273,28757111
28273,39442505
28273,25350029
28273,209777
28273,407726
28273,485196
28273,339358
28273,25864516
28273,59251
28273,5252633
28273,4408705
28273,8879412
28273,11597346
28273,3023340
28273,2448287
28273,329699
28273,4466438
28273,1188302
28273,15510
28273,89284232
28273,1126958
28273,14365
28273,136516
28273,3556681
28273,1647477
28273,34967
28273,8028947
28273,1550176
28273,6749
28273,8761601
28273,39602
28273,63497
28273,39996
28273,10568
28273,430619
28273,2276806
28273,763802
28273,80515
28273,11936
28273,10897929
28273,12320
28273,321464
28273,41220420
28273,38837
28273,522984
28273,1017027
28273,322114
28273,2825751
28273,571449
28273,336001
28273,17808396
28273,142562
28273,732568
28273,2852267
28273,4345
28273,15228
28273,6558543
28273,6963082
28273,11861
28273,2242606
28273,8994835
28273,87697
28273,207161
28273,9231709
28273,175881
28273,37254
28273,732928
28273,276625
28273,419133
28273,7883889
28273,29151190
28273,72290376
28273,321262
28273,4123
28273,8054535
28273,4472043
28273,42278
28273,2769668
28273,79089
28273,253590
28273,57607
28273,2634
28273,243383
28273,54866
28273,2435104
28273,1540585
28273,1292401
28273,6436752
28273,167790
28273,203548
28273,197781
28273,15019562
28273,184998
28273,4480801
28273,148943
28273,15977779
28273,33573
60853,77021
60853,630742
60853,384440
60853,2375874
60853,4744
60853,468632
60853,1053
60853,2032861
60853,27645
60853,28465
60853,15286
60853,325602
60853,3245
60853,260915
60853,3431913
60853,15630
60853,99186
60853,29667
60853,2948082
60853,75522
60853,43964
60853,749380
60853,306672
60853,11554073
60853,42272
60853,6637451
60853,791
60853,241664
60853,281078
60853,1690325
60853,86684
47698,166815
47698,535340
47698,62697
47698,25092
47698,77021
47698,32772
47698,734102
47698,844187
47698,114289
47698,238340
47698,94968
47698,910
47698,94934
47698,237228
47698,35992
47698,25933
47698,178169
47698,37611
47698,162371
47698,507462
47698,150185
47698,198997
47698,2307
47698,376248
47698,296912
47698,722969
47698,76322
47698,236393
47698,15021
47698,51603
47698,37254
47698,491102
47698,229117
47698,93279
47698,82090
47698,48288
47698,10921
47698,34805
47698,82615
47698,244344
34076,12628
34076,20511361
34076,216631
34076,190344
34076,418
34076,77021
34076,108002
34076,3137
34076,289766
34076,1631
34076,162713
34076,98000
34076,18621345
34076,18090
34076,40896
34076,2975
34076,910
34076,2047207
34076,278400
34076,22331
34076,2603
34076,44771
34076,67353
34076,23334383
34076,19823
34076,28408
34076,532221
34076,99408
34076,9329
34076,33612
34076,44686
34076,16063
34076,20909137
34076,2431232
34076,349727
34076,25933
34076,5843
34076,12418378
34076,1631077
34076,112367
34076,44379
34076,19784
34076,51219
34076,29889
34076,11489894
34076,16035
34076,37611
34076,39592
34076,41270
34076,54803
34076,26586
34076,156700
34076,20319
34076,30033
34076,165464
34076,1161431
34076,37437
34076,51269
34076,1148908
34076,72558
34076,8028947
34076,79914
34076,6649
34076,59282
34076,949075
34076,472755
34076,11936
34076,42588
34076,1733
34076,25972
34076,92343
34076,28806
34076,10586501
34076,306672
34076,76322
34076,6053
34076,1152294
34076,156248
34076,19016
34076,24900
34076,504085
34076,17191
34076,1655
34076,445922
34076,1646862
34076,82258
34076,2348
34076,37254
34076,37445
34076,1643
34076,2684
34076,41166
34076,12095
34076,37695
34076,20469
34076,3595867
34076,41078
34076,19427831
35042,4754485
35042,74582
35042,7636279
35042,232955
35042,77021
35042,5157836
35042,30487
35042,18856954
35042,42349617
35042,33053
35042,18960131
35042,9042841
35042,50405
35042,2005344
35042,33309601
35042,5080570
35042,21910
35042,558271
35042,34003
35042,36430772
35042,519830
35042,7279141
35042,1263245
35042,945057
35042,167435
35042,11823665
35042,59899
35042,329286
35042,1423528
35042,129905
35042,2438675
35042,2032861
35042,80118
35042,53733105
35042,12913481
35042,93139
35042,10121897
35042,2219582
35042,32267848
35042,1279372
35042,546508
35042,72956480
35042,3910063
35042,1015528
35042,131945
35042,10685483
35042,38685
35042,1600255
35042,1619806
35042,306672
35042,155135
35042,387528
35042,29071995
35042,214613
35042,6783849
35042,1721609
35042,20087
35042,1621300
35042,9586504
57704,77021
57704,289766
57704,4719030
57704,15574895
57704,12263722
57704,18960131
57704,122376
57704,779209
57704,2567128
57704,134042
57704,4850257
57704,1520070
57704,12263602
57704,10406576
57704,25933
57704,17862810
57704,37001
57704,22024
57704,12121961
57704,4850860
57704,87274
57704,18051994
57704,210999
57704,29060501
57704,11342250
57704,763802
57704,361591
57704,599218
57704,65132
57704,9194939
57704,1666635
57704,517047
912298,1290830
912298,724544
912298,38516
912298,243331
912298,835780
912298,38513
912298,51503
912298,33262
912298,490550
912298,6952996
912298,255122
912298,70941
157088,157875
157088,132064
157088,43436
157088,52272149
157088,53380913
157088,158270
157088,38516
157088,16961
157088,19897
157088,100814
157088,100946
157088,161264
157088,4677381
157088,185704
157088,128809
157088,51021
157088,311286
157088,542340
157088,4168780
157088,21864321
157088,56524
157088,86541
157088,8425846
117840,10865150
117840,11493407
117840,108276
117840,1757555
117840,730983
117840,629484
117840,181005
117840,559504
117840,358491
117840,543799
117840,148108
117840,17506
117840,398942
117840,21649911
117840,38516
117840,52985938
117840,201682
117840,18176009
117840,1329775
117840,84541
117840,1426483
117840,5103819
117840,2585494
117840,20478
117840,102972
117840,5706880
117840,1668579
117840,190507
117840,849873
117840,157070
117840,51574722
117840,21688867
117840,452292
117840,8542008
117840,605989
117840,50480559
117840,13139
117840,41811661
117840,346616
117840,12709675
117840,7553489
117840,38567125
117840,534856
117840,572990
117840,201284
117840,77250
117840,11954497
117840,303723
117840,286042
117840,9481466
117840,2073214
117840,1702115
117840,266561
117840,58169342
117840,46373
117840,9875328
117840,17698087
117840,73102929
117840,54045
117840,1376922
117840,33520
117840,10170579
117840,17182
117840,399407
117840,268451
117840,47593
117840,13877
117840,421290
2817078,3591972
2817078,16377
2817078,38516
2817078,552720
2817078,3151149
2817078,757130
2817078,186386
2817078,1796707
2817078,706007
181005,720629
181005,5273356
181005,49344
181005,1852388
181005,35123583
181005,1810390
181005,860140
181005,452069
181005,65942
181005,2816985
181005,849891
181005,6350855
181005,772602
181005,14318491
181005,344360
181005,116579
181005,10158
181005,1970618
181005,1560406
181005,755177
181005,67924573
181005,698079
181005,226293
181005,26415
181005,117840
181005,15062591
181005,12924075
181005,144466
181005,367170
181005,2588
181005,48477
181005,3884860
181005,254658
181005,18800
181005,516195
181005,23601898
181005,43332
181005,70311611
181005,191348
181005,25995
181005,21289098
181005,11446129
181005,264101
181005,6679
181005,31697565
181005,34986
181005,212694
181005,3591972
181005,43593
181005,2023937
181005,15260547
181005,971261
181005,5368788
181005,81911
181005,9712
181005,684170
181005,2014389
181005,1871405
181005,23906972
181005,781961
181005,1151026
181005,10256680
181005,23678630
181005,31912
181005,16454609
181005,781900
181005,3155793
181005,14222
181005,38516
181005,844597
181005,15417050
181005,147260
181005,20695329
181005,12286445
181005,2525855
181005,18843665
181005,5645
181005,7353
181005,122973
181005,9312664
181005,377418
181005,21383758
181005,19480492
181005,149084
181005,6712640
181005,483731
181005,158494
181005,36865
181005,879528
181005,42483679
181005,1420
181005,23139581
181005,20362
181005,3254992
181005,30902136
181005,22153
181005,212309
181005,621149
181005,324995
181005,84230803
181005,1026371
181005,184143
181005,10596070
181005,8808545
181005,1139499
181005,552720
181005,13074050
181005,198126
181005,114223
181005,21898472
181005,523264
181005,96580
181005,59228524
181005,13711372
181005,903433
181005,2285
181005,206794
181005,1376797
181005,1668579
181005,16725382
181005,59351706
181005,2336629
181005,15674766
181005,10857601
181005,5101429
181005,43280
181005,15694273
181005,12591175
181005,409685
181005,1527211
181005,40853708
181005,2305805
181005,160187
181005,82939369
181005,617385
181005,213916
181005,607430
181005,41684
181005,148818
181005,2699459
181005,158741
181005,2963753
181005,3264461
181005,51574722
181005,6484
181005,9927
181005,331548
181005,9542985
181005,10266550
181005,555688
181005,64441
181005,89527
181005,761694
181005,10539108
181005,1105060
181005,9901818
181005,452292
181005,338846
181005,6731373
181005,104735
181005,197327
181005,288168
181005,50208441
181005,605989
181005,132824
181005,431427
181005,466287
181005,4202054
181005,1836805
181005,604283
181005,50480559
181005,10242557
181005,1706394
181005,27992
181005,962549
181005,215322
181005,2801920
181005,6570331
181005,7561272
181005,39496
181005,1192300
181005,66581145
181005,660557
181005,5115756
181005,28215
181005,99579
181005,10416012
181005,26180
181005,2223705
181005,677343
181005,23386934
181005,2028859
181005,725933
181005,48060
181005,448330
181005,93911
181005,1498127
181005,8624193
181005,75548
181005,122684
181005,556237
181005,7751238
181005,18763090
181005,942786
181005,21099569
181005,14077930
181005,359629
181005,39442143
181005,13867
181005,526373
181005,676285
181005,300088
181005,7600739
181005,24282827
181005,1972487
181005,3890561
181005,950
181005,13186814
181005,6619464
181005,1007005
181005,6803572
181005,101424
181005,3566683
181005,579223
181005,1242695
181005,52812983
181005,10073135
181005,1119509
181005,201284
181005,9132862
181005,5200510
181005,22268
181005,2919879
181005,1020506
181005,347673
181005,11369929
181005,757130
181005,4660317
181005,718106
181005,257982
181005,1153784
181005,594443
181005,560273
181005,2753755
181005,156806
181005,291283
181005,36513437
181005,79343364
181005,312340
181005,7626677
181005,3099
181005,2281263
181005,113891
181005,5952654
181005,16023
181005,4722283
181005,32648071
181005,5731832
181005,1859518
181005,1123143
181005,52609
181005,524732
181005,5906611
181005,1372489
181005,19865237
181005,27581597
181005,939753
181005,2551202
181005,52564357
181005,17546
181005,126464
181005,150018
181005,54211304
181005,48064
181005,12265649
181005,6229518
181005,1850845
181005,68224
181005,234435
181005,279543
181005,228126
181005,464964
181005,33891874
181005,13030361
181005,9793156
181005,1463214
181005,9147958
181005,69856
181005,33423
181005,14303421
181005,40617
181005,140460
181005,16247624
181005,1686732
181005,1174
181005,1320719
181005,718282
181005,7101651
181005,937
181005,102189
181005,1174575
181005,6211
181005,1305545
181005,22092519
181005,17698087
181005,6259527
181005,28488
181005,18429041
181005,3428953
181005,92611
181005,629294
181005,983919
181005,26191620
181005,4250329
181005,53921900
181005,2611073
181005,1735640
181005,21192
181005,220882
181005,250999
181005,831062
181005,12120152
181005,8133605
181005,466299
181005,4504542
181005,532043
181005,110761
181005,152546
181005,297504
181005,892784
181005,15019361
181005,2112119
181005,186386
181005,4317408
181005,2506852
181005,135677
181005,524252
181005,560151
181005,1603985
181005,8450
181005,93267
181005,693183
181005,207488
181005,523202
181005,11808356
181005,1363414
181005,1402364
181005,44923
181005,1843254
181005,7791672
181005,1596921
181005,553821
181005,32927
181005,8816671
181005,12919
181005,954884
181005,33520
181005,15546773
181005,108043
181005,775124
181005,1049374
181005,628033
181005,195977
181005,20816
181005,2236374
181005,1257412
181005,255410
181005,664273
181005,47494
181005,5601
181005,18789962
181005,10494873
181005,5412813
181005,43583432
181005,69709
181005,540123
181005,57356128
181005,1507559
181005,25222343
181005,10170579
181005,19668
181005,452510
181005,3994491
181005,222329
181005,8922869
181005,90509
181005,58473113
181005,7604392
181005,1206378
181005,12974482
181005,5498734
181005,88421772
181005,4862011
181005,620417
181005,22874
181005,77753
181005,24340
181005,9482016
181005,5138362
181005,235506
181005,287524
181005,133509
181005,17821131
181005,1960263
181005,6527014
181005,59240107
181005,88853
181005,4069563
181005,1059918
181005,453787
181005,556360
181005,58829462
181005,1252551
181005,9143
181005,14718788
181005,598990
181005,18729
181005,65748
181005,21456277
181005,1049486
181005,13248
181005,6779954
181005,998237
181005,1063589
181005,2124310
181005,8502100
181005,2260955
181005,1800645
181005,79957
181005,8303457
181005,15887712
181005,506644
181005,1162575
181005,6665712
181005,47767
181005,82364
181005,6060572
181005,571880
181005,36370
181005,469719
181005,7743025
35177,20737
35177,614071
35177,146750
35177,18614492
35177,986172
35177,388530
35177,439062
35177,687757
35177,376554
35177,117177
35177,38594
35177,159138
35177,3363945
35177,11956
35177,43909278
35177,32176802
35177,465222
35177,859382
35177,7180920
35177,4137360
35177,95894
35177,162631
35177,29342
35177,89087129
35177,272262
35177,56617295
35177,1508554
35177,53467
35177,14148
35177,17906
35177,17506
35177,11611222
35177,548279
35177,53350
35177,25548535
35177,1037688
35177,52463
35177,43866
35177,2827
35177,37512
35177,7127149
35177,408665
35177,38516
35177,189420
35177,3777254
35177,57333
35177,1560731
35177,8273027
35177,377418
35177,703229
35177,27050206
35177,36736
35177,2280750
35177,548072
35177,5397668
35177,42483679
35177,58619
35177,56319107
35177,190815
35177,42938
35177,4448121
35177,3241440
35177,449644
35177,184143
35177,15845
35177,382814
35177,47228245
35177,13724
35177,118308
35177,46593
35177,48280
35177,51079
35177,2334129
35177,69963
35177,20478
35177,695645
35177,125321330
35177,59838160
35177,234272
35177,48971
35177,1205031
35177,85586
35177,54412227
35177,2212
35177,526211
35177,834993
35177,9791
35177,35056
35177,68255
35177,176024
35177,25219
35177,22835
35177,85025
35177,214091
35177,8137
35177,5523
35177,60503
35177,93107
35177,4055906
35177,74670
35177,12798355
35177,139958
35177,49645
35177,379035
35177,115457
35177,20976
35177,75428712
35177,2779610
35177,5196007
35177,920395
35177,1135258
35177,275521
35177,26538
35177,37828231
35177,101512
35177,4435
35177,6573739
35177,4786275
35177,30843
35177,1643276
35177,1313005
35177,49319
35177,203897
35177,30828824
35177,1717501
35177,329431
35177,6829416
35177,59816953
35177,545153
35177,21348658
35177,204385
35177,584020
35177,256631
35177,21952987
35177,6467660
35177,60028
35177,6485369
35177,63183880
35177,145382
35177,57779880
35177,5363354
35177,33262
35177,37808
35177,2176859
35177,65113
35177,548051
35177,147103
35177,712473
35177,26956
35177,63184758
35177,33905
35177,88104
35177,8501148
35177,7880073
35177,96440
35177,18319412
35177,9908764
35177,358531
35177,85980443
35177,266561
35177,573422
35177,3712723
35177,1123876
35177,68479
35177,1238223
35177,27488
35177,19460
35177,56878686
35177,33057
35177,27091
35177,20755
35177,96858
35177,2320
35177,7837460
35177,238949
35177,4687582
35177,207301
35177,83019
35177,35091
35177,78461
35177,3161
35177,2752379
35177,162506
35177,37884
35177,12438
35177,526319
35177,49672342
35177,32704868
35177,2493
35177,50896751
35177,341723
35177,110452
35177,39471
35177,24046
35177,810921
35177,1580
35177,7493661
35177,46143
35177,39650
35177,23749295
35177,66491
35177,132316
35177,92501183
35177,19877
35177,11679990
35177,18174245
35177,132912
35177,469855
35177,237
35177,10170579
35177,443807
35177,200687
35177,17182
35177,2502136
35177,12958
35177,239409
35177,1789590
35177,2124
35177,5803
35177,24463
35177,92550
35177,1040051
35177,11857
35177,133509
35177,39398503
35177,22830
35177,9647144
35177,381489
35177,1821959
35177,85858
35177,65916853
35177,1629214
35177,54951
35177,11558
35177,19781144
35177,14687
35177,45471
35177,629830
35177,8572749
35177,74452
35177,600
35177,492503
35177,469719
2305697,1259272
2305697,1483388
2305697,38516
2305697,2335272
2305697,5144818
2305697,18137557
2305697,1156441
3291446,10337975
3291446,2782994
3291446,7082481
3291446,174526
3291446,186773
3291446,38594
3291446,192997
3291446,565428
3291446,1661689
3291446,3052182
3291446,38516
3291446,57333
3291446,377418
3291446,10833632
3291446,541173
3291446,791556
3291446,2435663
3291446,164823
3291446,40765
3291446,3634893
3291446,12069577
3291446,10365597
3291446,90335
3291446,2858460
3291446,139958
3291446,7561272
3291446,2230311
3291446,559683
3291446,88369
3291446,2433403
3291446,2219582
3291446,256631
3291446,6061616
3291446,33262
3291446,9356516
3291446,3866271
3291446,645302
3291446,2313556
3291446,9223990
3291446,10454722
3291446,110761
3291446,27968
3291446,691759
3291446,579593
3291446,11401196
3291446,230295
3291446,24046
3291446,9029935
3291446,9263548
3291446,327403
3291446,8440570
3291446,638684
3291446,10170579
3291446,242195
3291446,2156287
3291446,133509
3291446,4280253
3291446,2317410
3291446,3048175
3291446,148943
465222,47515
465222,148768
465222,492442
465222,2074890
465222,1274619
465222,1240204
465222,3381086
465222,232361
465222,578796
465222,38594
465222,545421
465222,2560924
465222,35177
465222,3363945
465222,131099
465222,12896
465222,95894
465222,27830026
465222,3090
465222,64350
465222,222969
465222,625610
465222,2827
465222,381112
465222,656937
465222,153615
465222,147326
465222,38516
465222,5556416
465222,2483750
465222,724638
465222,14933
465222,459068
465222,36736
465222,12410
465222,16164
465222,45299
465222,2968162
465222,89206
465222,33252
465222,295483
465222,328047
465222,29766
465222,35815
465222,569575
465222,130727
465222,806772
465222,688240
465222,437348
465222,695645
465222,1528562
465222,5352662
465222,3565464
465222,11823665
465222,638342
465222,3543732
465222,727568
465222,5743302
465222,366590
465222,117474
465222,26045758
465222,33344
465222,229985
465222,9927
465222,9791
465222,564666
465222,42121
465222,39625
465222,456499
465222,55414
465222,1727878
465222,44156
465222,8505
465222,84629
465222,293198
465222,149914
465222,20976
465222,40638
465222,345265
465222,6774892
465222,1154328
465222,677573
465222,481213
465222,63188341
465222,812260
465222,203897
465222,1144088
465222,83587
465222,329431
465222,545153
465222,3485
465222,5611
465222,77934
465222,132295
465222,109200
465222,191723
465222,523754
465222,633663
465222,152698
465222,18844
465222,1579216
465222,2246
465222,33262
465222,86120
465222,192891
465222,128943
465222,37808
465222,36168
465222,24559
465222,4523052
465222,40289
465222,15510
465222,684
465222,215554
465222,10084
465222,2024
465222,94574
465222,60350
465222,958497
465222,163915
465222,1238223
465222,266288
465222,33057
465222,806676
465222,43735
465222,751478
465222,419648
465222,794526
465222,32998
465222,44764
465222,43089
465222,1227498
465222,127236
465222,708301
465222,37729
465222,507930
465222,14405
465222,35091
465222,631050
465222,666499
465222,3161
465222,2752379
465222,1843419
465222,1262457
465222,512085
465222,226752
465222,18346
465222,171869
465222,66006
465222,39471
465222,20929
465222,265923
465222,638075
465222,505099
465222,1018801
465222,741177
465222,409358
465222,196413
465222,435274
465222,1264461
465222,48693
465222,19877
465222,1717156
465222,48101
465222,34527
465222,34355
465222,1946369
465222,14172
465222,9093
465222,469855
465222,3229491
465222,589925
465222,92701
465222,676656
465222,356631
465222,157039
465222,53096
465222,683385
465222,124990
465222,2328844
465222,54951
465222,11558
465222,14508
465222,3528939
465222,37879
465222,3934825
465222,554123
465222,703747
465222,2414339
465222,763083
465222,69572
465222,544966
