98000
77021
38516
44990
25546
21978
43264
25933
56579
59736
34076
3523
32772
4629611
926351
98000
779209
89776
25546
910
13458
65108
855796
25933
36131
61205
19832
29889
34971
86244
276428
2434671
59736
182174
18371
306672
2383050
28273
60853
47698
34076
35042
57704
912298
157088
117840
2817078
181005
35177
2305697
3291446
465222
5514
95894
29342
25995
272262
3591972
543799
1571662
625372
625610
656937
1064494
98000
240374
471456
42533
33252
105015
3104
552720
1573172
806772
214713
232084
20478
1668579
586268
572530
356498
372641
706244
34720
82939369
2699459
605989
431427
3632529
1836805
27992
1011980
7561272
20976
2701903
584653
923332
850026
87835
51940
46256
75548
1227659
666823
201284
757130
135953
2371891
248907
1372489
4486733
48064
86233
279543
228126
1305545
202118
220882
747485
400845
572497
186386
135677
498422
93267
1376922
33520
29557
2855890
3666
766136
207533
54951
469812
906152
2022
74452
73094
649981
33678
398400
469719
24693402
114214
3906170
114362
59744764
2619505
17309464
195665
8526191
632676
229851
4871550
206210
173415
7704362
59707
13888161
21905
224575
2573
22916
147009
12401
159148
12330
8272185
91702
556598
17539760
158425
972947
6485
182218
5787
46385
934734
25966942
98000
88568
988517
148071
557246
88787
251242
98264
71699
734594
76492
727377
1227231
74899277
522278
27251
12816
2974
51395
1939887
4131800
49657
39345
145528
26509463
740158
117354
14503
7367137
2000063
224409
404486
7571399
9188515
555063
1135
1012699
101284
11761026
59387
2187703
9911535
67214
53051687
151915
279069
87727
45106
2616662
7917723
5518746
6845308
50058
8512138
255487
978825
80247
49030315
42637
93339
8845760
93311
26960
120110
39656479
1857940
4183
63451077
180953
72675
84341
13347
355952
2253958
38903
120305
88791770
174712
19096
720684
51146
45202150
1660110
16023
23779414
11597346
4121
2448287
296900
1749656
50178
90610
264427
5105706
14300792
177005
7131442
427742
9155
146674
58543
170936
24496379
506489
46278
63614
338606
178795
2566465
3329045
194620
13117849
8567786
2207637
1058891
110761
91036
11890
684167
12404
72709879
87454
6053
5813837
639154
4674077
2804928
50570606
2437950
1082912
1750258
9842143
136064
4848
14322
444667
390959
330771
587
137930
20754
62130
26347586
23495
1677626
11569907
982365
272503
4578147
194245
7719484
1167966
5805
5027278
107560
15591515
27558416
2354061
7609
94631
5280
1422185
9848723
390077
1594796
720390
206217
27692
87460
114147
999
43025
190344
27700
77021
557978
68394
651293
461006
638487
74401
140909
88402
289766
31677
384440
19358
460066
571209
98000
18090
14933
60012
177174
43653
910
748029
47550
426908
189720
37143
490749
21910
234858
2603
532437
96580
360710
20759
3127
116501
231155
19823
15597
98000
77021
38516
44990
25546
21978
43264
25933
56579
59736
34076
3523
32772
4629611
926351
98000
779209
89776
25546
910
13458
65108
855796
25933
36131
61205
19832
29889
34971
86244
276428
2434671
59736
182174
18371
306672
2383050
28273
60853
47698
34076
35042
57704
912298
157088
117840
2817078
181005
35177
2305697
3291446
465222
5514
